#id	file_path	transparent_color_r g b
[TEXTURES]
0	Resource/intro/intro1.png	0	0	255
1	Resource/intro/title.jpg	0	0	255
2	Resource/intro/intro2.png	0	0	255
3	Resource/intro/intro3.png	0	0	255
#sound
# id	path
[SOUNDS]
SophiaFire	Resource\Sound\SophiaFire.wav
Jump	Resource\Sound\Jump.wav
Hit	Resource\Sound\Hit.wav
SophiaDed	Resource\Sound\SophiaDed.wav
JHit	Resource\Sound\JasonHit.wav
JasonFire	Resource\Sound\MiniJasonFire.wav
JasonDed	Resource\Sound\JasonDed.wav
lvl2	Resource\Sound\lvl2.wav
Open	Resource\Sound\Open.wav
[SPRITES]
# id	left	top	right	bottom	texture_id
#=========intro1=============
0	0	0	256	224	0
1	0	0	200	122	1
#============intro2==================
101	0	0	256	224	2
102	259	0	515	224	2
103	518	0	774	224	2
104	777	0	1033	224	2
105	0	227	256	451	2
106	259	227	515	451	2
107	518	227	774	451	2
108	777	227	1033	451	2
109	0	454	256	678	2
110	259	454	515	678	2
111	518	454	774	678	2
112	777	454	1033	678	2
113	0	681	256	905	2
114	259	681	515	905	2
115	518	681	774	905	2
116	777	681	1033	905	2
117	0	908	256	1132	2
118	259	908	515	1132	2
119	518	908	774	1132	2
120	777	908	1033	1132	2
121	0	1135	256	1359	2
122	259	1135	515	1359	2
123	518	1135	774	1359	2
124	777	1135	1033	1359	2
125	0	1362	256	1586	2
126	259	1362	515	1586	2
127	518	1362	774	1586	2
128	777	1362	1033	1586	2
129	0	1589	256	1813	2
130	259	1589	515	1813	2
131	518	1589	774	1813	2
132	777	1589	1033	1813	2
133	0	1816	256	2040	2
134	259	1816	515	2040	2
135	518	1816	774	2040	2
136	777	1816	1033	2040	2
137	0	2043	256	2267	2
#============intro 3 ==================
201	0	0	256	224	3
202	259	0	515	224	3
203	518	0	774	224	3
204	0	227	256	451	3
205	259	227	515	451	3
206	518	227	774	451	3
207	0	454	256	678	3
208	259	454	515	678	3
209	518	454	774	678	3
210	0	681	256	905	3

# ani_id	sprite1_id	time1	R	G	B	sprite2_id	time2	R	G	B...
[ANIMATIONS]
1	1	50	255	0	0	1	50	255	128	0	1	50	255	255	0	1	50	128	255	0	1	50	0	255	0	1	50	0	255	128	1	50	0	255	255	1	50	0	128	255	1	50	0	0	255	1	50	255	0	255	1	50	255	0	128	1	50	64	64	64
2	101	50	255	255	255	102	50	255	255	255	103	50	255	255	255	104	3000	255	255	255	105	50	255	255	255	106	50	255	255	255	107	50	255	255	255	108	3000	255	255	255	109	50	255	255	255	110	50	255	255	255	111	50	255	255	255	112	3000	255	255	255	113	50	255	255	255	114	50	255	255	255	115	50	255	255	255	116	2000	255	255	255	117	2000	255	255	255	118	2000	255	255	255	119	50	255	255	255	120	50	255	255	255	121	50	255	255	255	122	50	255	255	255	123	50	255	255	255	124	50	255	255	255	125	3000	255	255	255	126	50	255	255	255	127	50	255	255	255	128	50	255	255	255	129	3000	255	255	255	130	50	255	255	255	131	50	255	255	255	132	50	255	255	255	133	3000	255	255	255	134	50	255	255	255	135	50	255	255	255	136	50	255	255	255	137	2000	255	255	255	137	50	255	255	255
3	201	50	255	255	255	202	50	255	255	255
4	203	50	255	255	255	204	50	255	255	255	205	50	255	255	255	206	50	255	255	255	207	500	255	255	255	208	50	255	255	255	209	50	255	255	255	210	100	255	255	255	207	1000	255	255	255	207	50	255	255	255
# id	ani1	ani2	ani3
[ANIMATION_SETS]
1	1	2	3	4
