#id	file_path	transparent_color_r g b
[TEXTURES]
0	enemy.png	0	0	255
10	Jason.png	0	0	255
20	Sophia.png	0	0	255
30	area2-tile.png	255	255	255
40	area2_bg.png	255	255	255
# id	left	top	right	bottom	texture_id
[SPRITES]
#=========TILE=============
1	1	1	17	17	30
2	21	1	37	17	30
3	41	1	57	17	30
4	61	1	77	17	30
5	81	1	97	17	30
6	101	1	117	17	30
7	121	1	137	17	30
8	141	1	157	17	30
9	161	1	177	17	30
10	181	1	197	17	30
11	201	1	217	17	30
12	1	21	17	37	30
13	21	21	37	37	30
14	41	21	57	37	30
15	61	21	77	37	30
16	81	21	97	37	30
17	101	21	117	37	30
18	121	21	137	37	30
19	141	21	157	37	30
20	161	21	177	37	30
21	181	21	197	37	30
22	201	21	217	37	30
23	1	41	17	57	30
24	21	41	37	57	30
25	41	41	57	57	30
26	61	41	77	57	30
27	81	41	97	57	30
28	101	41	117	57	30
29	121	41	137	57	30
30	141	41	157	57	30
31	161	41	177	57	30
32	181	41	197	57	30
33	201	41	217	57	30
34	1	61	17	77	30
35	21	61	37	77	30
36	41	61	57	77	30
37	61	61	77	77	30
38	81	61	97	77	30
39	101	61	117	77	30
40	121	61	137	77	30
41	141	61	157	77	30
42	161	61	177	77	30
43	181	61	197	77	30
44	201	61	217	77	30
45	1	81	17	97	30
46	21	81	37	97	30
47	41	81	57	97	30
48	61	81	77	97	30
49	81	81	97	97	30
50	101	81	117	97	30
51	121	81	137	97	30
52	141	81	157	97	30
53	161	81	177	97	30
54	181	81	197	97	30
55	201	81	217	97	30
56	1	101	17	117	30
57	21	101	37	117	30
58	41	101	57	117	30
59	61	101	77	117	30
60	81	101	97	117	30
61	101	101	117	117	30
62	121	101	137	117	30
63	141	101	157	117	30
64	161	101	177	117	30
65	181	101	197	117	30
66	201	101	217	117	30
67	1	121	17	137	30
68	21	121	37	137	30
69	41	121	57	137	30
70	61	121	77	137	30
71	81	121	97	137	30
72	101	121	117	137	30
73	121	121	137	137	30
74	141	121	157	137	30
75	161	121	177	137	30
76	181	121	197	137	30
77	201	121	217	137	30
78	1	141	17	157	30
79	21	141	37	157	30
80	41	141	57	157	30
81	61	141	77	157	30
82	81	141	97	157	30
83	101	141	117	157	30
84	121	141	137	157	30
85	141	141	157	157	30
86	161	141	177	157	30
87	181	141	197	157	30
88	201	141	217	157	30
89	1	161	17	177	30
90	21	161	37	177	30
91	41	161	57	177	30
92	61	161	77	177	30
93	81	161	97	177	30
94	101	161	117	177	30
95	121	161	137	177	30
96	141	161	157	177	30
97	161	161	177	177	30
98	181	161	197	177	30
99	201	161	217	177	30
100	1	181	17	197	30
101	21	181	37	197	30
102	41	181	57	197	30
103	61	181	77	197	30
104	81	181	97	197	30
105	101	181	117	197	30
106	121	181	137	197	30
107	141	181	157	197	30
108	161	181	177	197	30
109	181	181	197	197	30
110	201	181	217	197	30
111	1	201	17	217	30
112	21	201	37	217	30
113	41	201	57	217	30
114	61	201	77	217	30
115	81	201	97	217	30
116	101	201	117	217	30
117	121	201	137	217	30
118	141	201	157	217	30
119	161	201	177	217	30
120	181	201	197	217	30
121	201	201	217	217	30
122	1	221	17	237	30
123	21	221	37	237	30
124	41	221	57	237	30
125	61	221	77	237	30
126	81	221	97	237	30
127	101	221	117	237	30
128	121	221	137	237	30
129	141	221	157	237	30
130	161	221	177	237	30
131	181	221	197	237	30
132	201	221	217	237	30
133	1	241	17	257	30
134	21	241	37	257	30
135	41	241	57	257	30
136	61	241	77	257	30
137	81	241	97	257	30
138	101	241	117	257	30
139	121	241	137	257	30
140	141	241	157	257	30
141	161	241	177	257	30
142	181	241	197	257	30
143	201	241	217	257	30
#=========Sophia===========
# run hight
10001	109	-11	135	23	20
10002	77	-11	103	23	20
10003	44	-11	70	23	20
10004	13	-11	39	23	20
# run low
10101	246	14	272	48	20
10102	214	14	240	48	20
10103	182	14	208	48	20
10104	149	14	175	48	20
# jump up
10201	109	117	135	151	20
10202	77	117	103	151	20
10203	44	117	70	151	20
10204	10	117	36	151	20
# jump down
10301	109	38	135	72	20
10302	78	38	104	72	20
10303	44	38	70	72	20
10304	12	38	38	72	20
# turn run
10401	111	76	135	110	20
10402	146	76	170	110	20
# turn jump 
10501	111	175	135	209	20
10502	146	175	170	209	20
# up
10601	208	153	242	187	20
10602	208	203	242	237	20
10603	208	246	242	280	20
10604	204	283	238	317	20
# up run hight
10701	204	283	238	317	20
10702	147	283	181	317	20
10703	83	283	117	317	20
10704	5	283	39	317	20
# up run low
10801	203	366	237	400	20
10802	143	366	177	400	20
10803	84	366	118	400	20
10804	9	366	43	400	20
# up jump
10901	201	414	235	451	20
10902	139	414	173	451	20
10903	72	414	106	451	20
10904	9	414	43	451	20
# down
11001	204	283	238	317	20
11002	208	246	242	280	20
11003	208	203	242	237	20
11004	208	153	242	187	20
# transform
11101	105	326	131	360	20
#==========mini jason=============
# IDLE
20001	121	3	131	20	10
# run
20101	95	3	105	20	10
20102	82	3	92	20	10
# jump
20201	108	3	118	20	10
# down run
20301	49	10	66	20	10
20302	32	10	49	20	10
# climb

#========worm========
# walking
40001	46	412	64	422	0
40002	64	412	82	422	0
#worm die

#========Floater 2==========
# flying
60001	84	407	102	422	0
# fire
60101	104	407	122	422	0
# die

#========skull========
# flying
100001	42	530	60	551	0
# fire
100101	62	527	80	548	0
# die


#========mine========
#blinking
110001	53	557	68	565	0
110002	76	557	91	565	0
#die

#=======cannon=======
# normal
130001	96	603	122	629	0
# vertical fire
130002	41	605	67	631	0
# horizontal fire
130003	68	603	94	629	0
# die

#======eyeball======
# moving
140001	136	550	152	566	0
140002	102	550	118	566	0
140003	119	550	135	566	0
# die


#...

# ani_id	sprite1_id	time1	sprite2_id	time2	...
[ANIMATIONS]
#======sophia=========
100	10001	25	10002	25	10003	25	10004	25
101	10101	25	10102	25	10103	25	10104	25
102	10201	25	10202	25	10203	25	10204	25
103	10301	25	10302	25	10303	25	10304	25
104	10401	400	10402	400
105	10501	400	10502	400
106	10601	50	10602	50	10603	50	10604	50
107	10701	25	10702	25	10703	25	10704	25
108	10801	25	10802	25	10803	25	10804	25
109	10901	25	10902	25	10903	25	10904	25
110	11001	50	11002	50	11003	50	11004	50
111	11101	400	11101	400
#=========mini_jason==========
200	20001	200
201	20101	200	20102	200
202	20201	200
203	20301	200	20302	200
#=========Worm===========
400	40001	200	40002	200
#=========Floater2==========
600	60001	200
#=========skull===========
1000	100001	200
1001	100101	200
#=========mine============
1100	110001	200	110002	200
#======cannon======
1300	130001	250	130002	250	130001	250	130003	250
#======eyeball======
1400	140001	200	140002	200	140001	200	140002	200	140001	200	140002	200	140001	200	140003	200




# id	ani1	ani2	ani3
[ANIMATION_SETS]
#======sophia=========
1	100	101	102	103	104	105	106	107	108	109	110	111
#======miniJason=======
2	200	201	202	203
#======worm=======
4	400
#======Floater2=======
6	600
#======skull=======
10	1000	1001
#======mine========
11	1100
#======cannon======
13	1300
#======eyeball======
14	1400
[SECTIONS]
#id	filepath
0	area2_secA.txt
[SETTINGS]
start	0